  0.12500000000000000       0.12500000000000000        0.0000000000000000     
  0.12500000000000000       0.25000000000000000        0.0000000000000000     
  0.12500000000000000       0.37500000000000000        0.0000000000000000     
  0.12500000000000000       0.50000000000000000        0.0000000000000000     
  0.12500000000000000       0.62500000000000000        0.0000000000000000     
  0.12500000000000000       0.75000000000000000        0.0000000000000000     
  0.12500000000000000       0.87500000000000000        0.0000000000000000     
  0.12500000000000000        1.0000000000000000        0.0000000000000000     
  0.12500000000000000        1.1250000000000000        0.0000000000000000     
  0.12500000000000000        1.2500000000000000        0.0000000000000000     
  0.12500000000000000        1.3750000000000000        0.0000000000000000     
  0.12500000000000000        1.5000000000000000        0.0000000000000000     
  0.12500000000000000        1.6250000000000000        0.0000000000000000     
  0.12500000000000000        1.7500000000000000        0.0000000000000000     

  0.25000000000000000       0.12500000000000000        0.0000000000000000     
  0.25000000000000000       0.25000000000000000        0.0000000000000000     
  0.25000000000000000       0.37500000000000000        0.0000000000000000     
  0.25000000000000000       0.50000000000000000        0.0000000000000000     
  0.25000000000000000       0.62500000000000000        0.0000000000000000     
  0.25000000000000000       0.75000000000000000        0.0000000000000000     
  0.25000000000000000       0.87500000000000000        0.0000000000000000     
  0.25000000000000000        1.0000000000000000        0.0000000000000000     
  0.25000000000000000        1.1250000000000000        0.0000000000000000     
  0.25000000000000000        1.2500000000000000        0.0000000000000000     
  0.25000000000000000        1.3750000000000000        0.0000000000000000     
  0.25000000000000000        1.5000000000000000        0.0000000000000000     
  0.25000000000000000        1.6250000000000000        0.0000000000000000     
  0.25000000000000000        1.7500000000000000        0.0000000000000000     

  0.37500000000000000       0.12500000000000000        0.0000000000000000     
  0.37500000000000000       0.25000000000000000        0.0000000000000000     
  0.37500000000000000       0.37500000000000000        0.0000000000000000     
  0.37500000000000000       0.50000000000000000        0.0000000000000000     
  0.37500000000000000       0.62500000000000000        0.0000000000000000     
  0.37500000000000000       0.75000000000000000        0.0000000000000000     
  0.37500000000000000       0.87500000000000000        0.0000000000000000     
  0.37500000000000000        1.0000000000000000        0.0000000000000000     
  0.37500000000000000        1.1250000000000000        0.0000000000000000     
  0.37500000000000000        1.2500000000000000        0.0000000000000000     
  0.37500000000000000        1.3750000000000000        0.0000000000000000     
  0.37500000000000000        1.5000000000000000        0.0000000000000000     
  0.37500000000000000        1.6250000000000000        0.0000000000000000     
  0.37500000000000000        1.7500000000000000        0.0000000000000000     

  0.50000000000000000       0.12500000000000000        0.0000000000000000     
  0.50000000000000000       0.25000000000000000        0.0000000000000000     
  0.50000000000000000       0.37500000000000000        0.0000000000000000     
  0.50000000000000000       0.50000000000000000        0.0000000000000000     
  0.50000000000000000       0.62500000000000000        0.0000000000000000     
  0.50000000000000000       0.75000000000000000        0.0000000000000000     
  0.50000000000000000       0.87500000000000000        4.9441892147111229E-005
  0.50000000000000000        1.0000000000000000        0.0000000000000000     
  0.50000000000000000        1.1250000000000000        0.0000000000000000     
  0.50000000000000000        1.2500000000000000        0.0000000000000000     
  0.50000000000000000        1.3750000000000000        0.0000000000000000     
  0.50000000000000000        1.5000000000000000        0.0000000000000000     
  0.50000000000000000        1.6250000000000000        0.0000000000000000     
  0.50000000000000000        1.7500000000000000        0.0000000000000000     

  0.62500000000000000       0.12500000000000000        0.0000000000000000     
  0.62500000000000000       0.25000000000000000        0.0000000000000000     
  0.62500000000000000       0.37500000000000000        0.0000000000000000     
  0.62500000000000000       0.50000000000000000        0.0000000000000000     
  0.62500000000000000       0.62500000000000000        8.2397280327278441E-004
  0.62500000000000000       0.75000000000000000        1.1463386112117295E-003
  0.62500000000000000       0.87500000000000000        3.9553513717688983E-004
  0.62500000000000000        1.0000000000000000        0.0000000000000000     
  0.62500000000000000        1.1250000000000000        0.0000000000000000     
  0.62500000000000000        1.2500000000000000        0.0000000000000000     
  0.62500000000000000        1.3750000000000000       0.32066896578424464     
  0.62500000000000000        1.5000000000000000        0.0000000000000000     
  0.62500000000000000        1.6250000000000000        0.0000000000000000     
  0.62500000000000000        1.7500000000000000        0.0000000000000000     

  0.75000000000000000       0.12500000000000000        0.0000000000000000     
  0.75000000000000000       0.25000000000000000        0.0000000000000000     
  0.75000000000000000       0.37500000000000000        0.0000000000000000     
  0.75000000000000000       0.50000000000000000        0.0000000000000000     
  0.75000000000000000       0.62500000000000000        0.0000000000000000     
  0.75000000000000000       0.75000000000000000        0.0000000000000000     
  0.75000000000000000       0.87500000000000000        4.4393970464357078E-004
  0.75000000000000000        1.0000000000000000        0.0000000000000000     
  0.75000000000000000        1.1250000000000000        0.0000000000000000     
  0.75000000000000000        1.2500000000000000        0.0000000000000000     
  0.75000000000000000        1.3750000000000000       0.42364137023721815     
  0.75000000000000000        1.5000000000000000        0.0000000000000000     
  0.75000000000000000        1.6250000000000000        0.0000000000000000     
  0.75000000000000000        1.7500000000000000        0.0000000000000000     

  0.87500000000000000       0.12500000000000000        0.0000000000000000     
  0.87500000000000000       0.25000000000000000        0.0000000000000000     
  0.87500000000000000       0.37500000000000000        0.0000000000000000     
  0.87500000000000000       0.50000000000000000        0.0000000000000000     
  0.87500000000000000       0.62500000000000000        0.0000000000000000     
  0.87500000000000000       0.75000000000000000        0.0000000000000000     
  0.87500000000000000       0.87500000000000000        8.8724754979617754E-003
  0.87500000000000000        1.0000000000000000        5.9207218370314514E-002
  0.87500000000000000        1.1250000000000000        3.0521023297846530E-002
  0.87500000000000000        1.2500000000000000       -7.9458075536328679E-002
  0.87500000000000000        1.3750000000000000       -2.5940361597913464E-002
  0.87500000000000000        1.5000000000000000      -0.36202063218206859     
  0.87500000000000000        1.6250000000000000      -0.26950886163258164     
  0.87500000000000000        1.7500000000000000        0.0000000000000000     

   1.0000000000000000       0.12500000000000000        0.0000000000000000     
   1.0000000000000000       0.25000000000000000        0.0000000000000000     
   1.0000000000000000       0.37500000000000000        0.0000000000000000     
   1.0000000000000000       0.50000000000000000        0.0000000000000000     
   1.0000000000000000       0.62500000000000000        0.0000000000000000     
   1.0000000000000000       0.75000000000000000        0.0000000000000000     
   1.0000000000000000       0.87500000000000000       -5.0008535916065772E-002
   1.0000000000000000        1.0000000000000000        9.2410299509205812E-016
   1.0000000000000000        1.1250000000000000        5.0008535916066396E-002
   1.0000000000000000        1.2500000000000000        0.0000000000000000     
   1.0000000000000000        1.3750000000000000        0.0000000000000000     
   1.0000000000000000        1.5000000000000000        0.0000000000000000     
   1.0000000000000000        1.6250000000000000        0.0000000000000000     
   1.0000000000000000        1.7500000000000000        0.0000000000000000     

   1.1250000000000000       0.12500000000000000        0.0000000000000000     
   1.1250000000000000       0.25000000000000000        0.0000000000000000     
   1.1250000000000000       0.37500000000000000       0.26950886163258669     
   1.1250000000000000       0.50000000000000000       0.36202063218207503     
   1.1250000000000000       0.62500000000000000        2.5940361597914033E-002
   1.1250000000000000       0.75000000000000000        7.9458075536326153E-002
   1.1250000000000000       0.87500000000000000       -3.0521023297849295E-002
   1.1250000000000000        1.0000000000000000       -5.9207218370314840E-002
   1.1250000000000000        1.1250000000000000       -8.8724754979611839E-003
   1.1250000000000000        1.2500000000000000        0.0000000000000000     
   1.1250000000000000        1.3750000000000000        0.0000000000000000     
   1.1250000000000000        1.5000000000000000        0.0000000000000000     
   1.1250000000000000        1.6250000000000000        0.0000000000000000     
   1.1250000000000000        1.7500000000000000        0.0000000000000000     

   1.2500000000000000       0.12500000000000000        0.0000000000000000     
   1.2500000000000000       0.25000000000000000        0.0000000000000000     
   1.2500000000000000       0.37500000000000000        0.0000000000000000     
   1.2500000000000000       0.50000000000000000        0.0000000000000000     
   1.2500000000000000       0.62500000000000000      -0.42364137023722148     
   1.2500000000000000       0.75000000000000000        0.0000000000000000     
   1.2500000000000000       0.87500000000000000        0.0000000000000000     
   1.2500000000000000        1.0000000000000000        0.0000000000000000     
   1.2500000000000000        1.1250000000000000       -4.4393970464337606E-004
   1.2500000000000000        1.2500000000000000        0.0000000000000000     
   1.2500000000000000        1.3750000000000000        0.0000000000000000     
   1.2500000000000000        1.5000000000000000        0.0000000000000000     
   1.2500000000000000        1.6250000000000000        0.0000000000000000     
   1.2500000000000000        1.7500000000000000        0.0000000000000000     

   1.3750000000000000       0.12500000000000000        0.0000000000000000     
   1.3750000000000000       0.25000000000000000        0.0000000000000000     
   1.3750000000000000       0.37500000000000000        0.0000000000000000     
   1.3750000000000000       0.50000000000000000        0.0000000000000000     
   1.3750000000000000       0.62500000000000000      -0.32066896578424764     
   1.3750000000000000       0.75000000000000000        0.0000000000000000     
   1.3750000000000000       0.87500000000000000        0.0000000000000000     
   1.3750000000000000        1.0000000000000000        0.0000000000000000     
   1.3750000000000000        1.1250000000000000       -3.9553513717712922E-004
   1.3750000000000000        1.2500000000000000       -1.1463386112098909E-003
   1.3750000000000000        1.3750000000000000       -8.2397280327121969E-004
   1.3750000000000000        1.5000000000000000        0.0000000000000000     
   1.3750000000000000        1.6250000000000000        0.0000000000000000     
   1.3750000000000000        1.7500000000000000        0.0000000000000000     

   1.5000000000000000       0.12500000000000000        0.0000000000000000     
   1.5000000000000000       0.25000000000000000        0.0000000000000000     
   1.5000000000000000       0.37500000000000000        0.0000000000000000     
   1.5000000000000000       0.50000000000000000        0.0000000000000000     
   1.5000000000000000       0.62500000000000000        0.0000000000000000     
   1.5000000000000000       0.75000000000000000        0.0000000000000000     
   1.5000000000000000       0.87500000000000000        0.0000000000000000     
   1.5000000000000000        1.0000000000000000        0.0000000000000000     
   1.5000000000000000        1.1250000000000000       -4.9441892149328802E-005
   1.5000000000000000        1.2500000000000000        0.0000000000000000     
   1.5000000000000000        1.3750000000000000        0.0000000000000000     
   1.5000000000000000        1.5000000000000000        0.0000000000000000     
   1.5000000000000000        1.6250000000000000        0.0000000000000000     
   1.5000000000000000        1.7500000000000000        0.0000000000000000     

   1.6250000000000000       0.12500000000000000        0.0000000000000000     
   1.6250000000000000       0.25000000000000000        0.0000000000000000     
   1.6250000000000000       0.37500000000000000        0.0000000000000000     
   1.6250000000000000       0.50000000000000000        0.0000000000000000     
   1.6250000000000000       0.62500000000000000        0.0000000000000000     
   1.6250000000000000       0.75000000000000000        0.0000000000000000     
   1.6250000000000000       0.87500000000000000        0.0000000000000000     
   1.6250000000000000        1.0000000000000000        0.0000000000000000     
   1.6250000000000000        1.1250000000000000       -1.6504266649258937E-015
   1.6250000000000000        1.2500000000000000        0.0000000000000000     
   1.6250000000000000        1.3750000000000000        0.0000000000000000     
   1.6250000000000000        1.5000000000000000        0.0000000000000000     
   1.6250000000000000        1.6250000000000000        0.0000000000000000     
   1.6250000000000000        1.7500000000000000        0.0000000000000000     

   1.7500000000000000       0.12500000000000000        0.0000000000000000     
   1.7500000000000000       0.25000000000000000        0.0000000000000000     
   1.7500000000000000       0.37500000000000000        0.0000000000000000     
   1.7500000000000000       0.50000000000000000        0.0000000000000000     
   1.7500000000000000       0.62500000000000000        0.0000000000000000     
   1.7500000000000000       0.75000000000000000        0.0000000000000000     
   1.7500000000000000       0.87500000000000000        0.0000000000000000     
   1.7500000000000000        1.0000000000000000        0.0000000000000000     
   1.7500000000000000        1.1250000000000000        0.0000000000000000     
   1.7500000000000000        1.2500000000000000        0.0000000000000000     
   1.7500000000000000        1.3750000000000000        0.0000000000000000     
   1.7500000000000000        1.5000000000000000        0.0000000000000000     
   1.7500000000000000        1.6250000000000000        0.0000000000000000     
   1.7500000000000000        1.7500000000000000        0.0000000000000000     

